# Lesion L4C_L23 -- residual peaks/troughs
# Local extrema of (log2FC - smooth baseline) that lie inside cluster-significant bins.
# Sign +1 = focal power increase on top of baseline.
# Sign -1 = focal power decrease on top of baseline.

sign      channel   depth  freq(Hz)   log2FC  baseline  residual  prominence
   +    Ch15-Ch14  +1.230     10.99   -2.435    -3.673    +1.238       1.661
   +    Ch14-Ch13  +1.080      4.27   -1.562    -2.924    +1.362       1.617
   +    Ch13-Ch12  +0.930      4.27   -1.624    -3.032    +1.408       1.608
   +    Ch15-Ch14  +1.230     32.96   -1.606    -1.733    +0.127       1.267
   +    Ch13-Ch12  +0.930     17.09   -3.620    -3.731    +0.111       1.244
   +    Ch14-Ch13  +1.080     17.09   -4.044    -4.111    +0.067       1.202
   +    Ch15-Ch14  +1.230      4.27   -1.800    -2.586    +0.786       1.150
   +      Ch4-Ch3  -0.415      4.27   -0.845    -1.558    +0.713       1.132
   +    Ch13-Ch12  +0.930     21.36   -3.263    -3.251    -0.013       1.103
   +    Ch15-Ch14  +1.230      6.71   -2.588    -3.268    +0.680       1.099
   +    Ch14-Ch13  +1.080     21.36   -3.573    -3.550    -0.023       1.069
   +    Ch15-Ch14  +1.230     21.36   -3.022    -3.260    +0.238       1.061
   +    Ch13-Ch12  +0.930     36.62   -1.122    -1.106    -0.016       1.045
   +    Ch14-Ch13  +1.080      9.16   -3.741    -4.554    +0.813       0.917
   +    Ch14-Ch13  +1.080     36.62   -1.278    -1.146    -0.132       0.895
   +     Ch10-Ch9  +0.480      6.10   -0.988    -1.271    +0.283       0.880
   +    Ch13-Ch12  +0.930      9.16   -3.655    -4.292    +0.637       0.867
   +    Ch13-Ch12  +0.930     26.25   -2.260    -2.221    -0.039       0.812
   +    Ch14-Ch13  +1.080     30.52   -2.220    -1.939    -0.281       0.784
   +      Ch3-Ch2  -0.565      4.27   -0.815    -1.571    +0.756       0.756
   +    Ch11-Ch10  +0.630      6.10   -1.105    -1.346    +0.241       0.728
   +    Ch15-Ch14  +1.230     17.70   -3.304    -3.383    +0.079       0.726
   +    Ch14-Ch13  +1.080     26.25   -2.776    -2.479    -0.297       0.700
   +     Ch10-Ch9  +0.480     23.19   -1.005    -1.138    +0.134       0.686
   +     Ch10-Ch9  +0.480     15.87   -1.029    -1.263    +0.234       0.662
   +      Ch3-Ch2  -0.565      9.16   -1.641    -1.489    -0.151       0.640
   +    Ch15-Ch14  +1.230     29.30   -2.150    -1.917    -0.232       0.636
   +    Ch13-Ch12  +0.930     86.06   -0.739    -0.824    +0.085       0.623
   +    Ch13-Ch12  +0.930     14.04   -4.411    -4.168    -0.244       0.623
   +    Ch13-Ch12  +0.930     32.35   -1.715    -1.522    -0.193       0.608
   +    Ch14-Ch13  +1.080     14.04   -4.822    -4.502    -0.321       0.529
   +    Ch15-Ch14  +1.230     40.28   -1.321    -1.139    -0.182       0.528
   +    Ch11-Ch10  +0.630     15.87   -0.952    -1.265    +0.312       0.524
   +    Ch15-Ch14  +1.230     24.41   -2.942    -2.861    -0.081       0.456
   +    Ch14-Ch13  +1.080     86.06   -0.923    -0.834    -0.089       0.435
   +    Ch14-Ch13  +1.080     12.21   -4.513    -4.536    +0.023       0.418
   -    Ch14-Ch13  +1.080     15.26   -5.822    -4.341    -1.481       2.617
   -      Ch9-Ch8  +0.330     14.65   -1.779    +0.072    -1.851       2.522
   -    Ch15-Ch14  +1.230     27.47   -3.604    -2.287    -1.317       2.462
   -      Ch8-Ch7  +0.180     15.26   -1.913    -0.213    -1.700       2.419
   -    Ch13-Ch12  +0.930     15.26   -5.441    -4.045    -1.396       2.392
   -      Ch1-Ch0  -0.865     15.26   -1.715    -0.394    -1.322       2.281
   -      Ch6-Ch5  -0.115     14.65   -1.779    -0.419    -1.360       2.269
   -      Ch2-Ch1  -0.715     15.26   -1.675    -0.432    -1.243       2.263
   -      Ch7-Ch6  +0.030     15.26   -1.852    -0.326    -1.525       2.171
   -    Ch12-Ch11  +0.780     14.65   -1.682    -0.415    -1.267       1.970
   -    Ch11-Ch10  +0.630     39.06   -1.750    -0.768    -0.981       1.937
   -      Ch4-Ch3  -0.415      6.71   -2.618    -1.591    -1.027       1.913
   -      Ch3-Ch2  -0.565      9.77   -2.268    -1.462    -0.805       1.755
   -     Ch10-Ch9  +0.480     18.92   -2.215    -1.181    -1.034       1.692
   -    Ch11-Ch10  +0.630     18.92   -2.011    -1.114    -0.897       1.507
   -    Ch13-Ch12  +0.930     92.77   -2.194    -0.840    -1.353       1.483
   -    Ch14-Ch13  +1.080     92.77   -2.154    -0.839    -1.315       1.478
   -    Ch14-Ch13  +1.080     47.61   -1.639    -0.839    -0.800       1.361
   -    Ch11-Ch10  +0.630     47.00   -1.367    -0.637    -0.729       1.294
   -      Ch3-Ch2  -0.565     18.92   -1.633    -0.723    -0.909       1.275
   -    Ch15-Ch14  +1.230     34.79   -2.861    -1.720    -1.140       1.267
   -    Ch11-Ch10  +0.630     31.74   -1.732    -0.945    -0.786       1.263
   -    Ch13-Ch12  +0.930     23.19   -3.787    -2.654    -1.133       1.244
   -    Ch13-Ch12  +0.930     47.61   -1.539    -0.852    -0.687       1.223
   -    Ch15-Ch14  +1.230      9.77   -4.168    -3.745    -0.423       1.208
   -    Ch14-Ch13  +1.080     27.47   -3.466    -2.331    -1.135       1.202
   -     Ch10-Ch9  +0.480     47.61   -1.285    -0.544    -0.740       1.197
   -      Ch4-Ch3  -0.415      3.05   -1.477    -1.059    -0.419       1.132
   -      Ch4-Ch3  -0.415     85.45   -1.341    -0.551    -0.790       1.117
   -    Ch13-Ch12  +0.930     19.53   -4.663    -3.547    -1.116       1.103
   -    Ch15-Ch14  +1.230      5.49   -3.483    -3.063    -0.420       1.099
   -     Ch10-Ch9  +0.480      9.77   -1.999    -1.187    -0.811       1.094
   -    Ch15-Ch14  +1.230     47.61   -1.733    -0.646    -1.086       1.080
   -    Ch14-Ch13  +1.080     19.53   -4.983    -3.891    -1.092       1.069
   -    Ch15-Ch14  +1.230     16.48   -4.234    -3.412    -0.822       1.061
   -    Ch13-Ch12  +0.930     39.67   -1.969    -0.908    -1.061       1.045
   -      Ch3-Ch2  -0.565     92.16   -1.600    -0.604    -0.996       1.041
   -     Ch10-Ch9  +0.480     27.47   -1.539    -1.073    -0.466       0.986
   -    Ch15-Ch14  +1.230     42.72   -1.773    -0.759    -1.014       0.978
   -    Ch11-Ch10  +0.630      9.77   -1.884    -1.205    -0.678       0.966
   -    Ch14-Ch13  +1.080      7.32   -4.000    -3.896    -0.104       0.917
   -    Ch14-Ch13  +1.080     39.67   -1.969    -0.942    -1.027       0.895
   -    Ch13-Ch12  +0.930      7.32   -4.038    -3.809    -0.230       0.867
   -     Ch10-Ch9  +0.480      3.66   -1.665    -1.069    -0.597       0.832
   -     Ch10-Ch9  +0.480     15.26   -1.764    -1.263    -0.501       0.828
   -    Ch13-Ch12  +0.930     27.47   -2.974    -2.123    -0.851       0.812
   -    Ch14-Ch13  +1.080     34.18   -2.491    -1.427    -1.065       0.784
   -      Ch3-Ch2  -0.565      3.66   -1.147    -1.147    +0.000       0.756
   -    Ch11-Ch10  +0.630     24.41   -1.602    -1.038    -0.564       0.730
   -    Ch11-Ch10  +0.630      3.66   -1.694    -1.207    -0.487       0.728
   -    Ch15-Ch14  +1.230     19.53   -3.943    -3.296    -0.647       0.726
   -    Ch11-Ch10  +0.630     16.48   -1.697    -1.158    -0.539       0.716
   -    Ch14-Ch13  +1.080     23.80   -4.005    -3.008    -0.997       0.700
   -     Ch10-Ch9  +0.480     24.41   -1.636    -1.083    -0.553       0.686
   -      Ch3-Ch2  -0.565      7.93   -2.432    -1.641    -0.791       0.640
   -    Ch13-Ch12  +0.930     13.43   -5.076    -4.209    -0.866       0.623
   -    Ch13-Ch12  +0.930     34.18   -2.183    -1.382    -0.801       0.608
   -    Ch14-Ch13  +1.080     13.43   -5.357    -4.508    -0.850       0.529
   -    Ch15-Ch14  +1.230     96.44   -1.439    -0.516    -0.923       0.458
   -    Ch15-Ch14  +1.230      3.66   -1.796    -1.800    +0.004       0.458
   -    Ch15-Ch14  +1.230     23.80   -3.479    -2.942    -0.537       0.456
   -    Ch14-Ch13  +1.080     11.60   -4.932    -4.536    -0.395       0.418
